1000
41 31 40
39 30 1
7 4 95
90 57 60
15 77 31
73 54 91
67 3 94
49 6 96
89 9 84
62 53 51
18 99 38
38 9 34
66 96 19
23 56 62
82 15 97
87 25 16
64 10 94
88 86 29
86 6 69
77 11 26
16 50 96
80 94 65
87 76 21
31 77 71
0 80 26
47 68 60
18 19 61
12 36 88
75 43 5
2 92 69
0 94 15
95 62 24
4 18 31
51 98 48
45 72 97
2 98 67
83 48 16
58 97 16
45 17 34
59 82 58
51 21 42
75 93 82
9 89 3
5 6 55
95 28 37
54 1 65
35 80 14
56 26 3
41 65 20
4 86 34
45 79 46
43 83 4
15 60 86
81 88 31
43 26 17
14 12 51
64 1 49
80 34 87
41 46 62
2 18 98
91 81 97
83 41 15
30 77 25
44 33 54
69 19 21
23 99 50
0 37 67
5 71 39
44 1 48
77 30 48
8 91 41
80 81 94
63 89 70
19 17 48
54 31 44
60 64 22
87 33 48
87 64 12
50 30 18
21 40 73
60 10 34
86 78 5
6 60 19
50 18 69
53 33 4
64 86 91
79 19 19
16 82 65
67 93 67
81 63 51
78 6 74
21 6 71
56 64 75
4 28 71
93 90 95
0 96 15
76 85 12
88 34 16
13 21 51
91 56 54
25 16 72
93 73 3
17 23 15
86 35 98
96 7 23
8 50 97
51 44 47
76 17 50
13 49 55
37 76 82
83 31 2
35 69 57
58 45 94
44 73 21
73 49 7
12 53 77
61 41 59
54 53 15
76 53 49
99 67 87
45 36 21
52 86 22
92 14 65
18 53 16
57 61 17
31 30 85
8 60 19
86 64 35
68 32 20
1 20 8
25 8 87
39 66 64
38 92 92
93 17 16
99 78 60
93 69 31
69 29 68
45 79 6
85 40 17
38 85 100
16 82 26
18 49 18
70 81 81
21 16 79
13 4 49
36 2 84
64 12 30
50 52 86
28 91 54
94 5 57
94 15 71
38 94 58
34 86 10
2 13 7
15 68 46
14 61 96
42 67 61
17 3 73
57 55 70
94 75 20
7 59 65
72 25 64
37 31 56
33 65 29
59 67 76
65 20 55
11 10 1
76 37 92
85 78 2
38 19 80
21 87 59
41 32 81
13 7 18
2 7 27
30 10 40
56 62 4
25 40 88
68 9 4
30 25 25
72 97 47
41 8 48
91 75 32
9 62 82
88 41 7
74 39 63
22 59 20
97 74 20
58 2 2
82 62 99
23 77 85
49 50 14
43 26 65
1 99 71
32 21 43
83 76 61
3 26 72
27 50 73
97 32 54
34 8 28
95 97 10
3 73 86
39 97 87
12 93 90
12 49 91
29 82 34
99 40 93
90 10 11
93 61 15
4 37 6
13 64 5
91 43 87
75 97 20
46 33 42
71 89 11
68 36 9
80 68 17
36 27 40
92 92 66
78 100 51
19 63 53
69 97 90
61 70 75
14 16 49
52 33 91
68 96 6
11 64 96
38 14 30
95 6 51
67 96 62
3 37 81
0 72 66
57 100 63
21 86 14
12 68 1
34 26 72
64 62 76
53 100 5
67 78 22
33 88 71
95 64 13
96 44 5
62 13 64
11 92 34
77 30 17
36 50 90
74 81 50
71 94 45
45 68 99
78 32 64
9 11 62
85 49 63
95 18 18
32 97 10
66 27 15
12 42 61
44 21 9
19 98 34
53 6 62
50 60 43
65 48 70
43 85 29
74 28 16
32 9 67
2 3 25
0 22 99
26 47 88
48 48 71
63 65 14
16 54 89
40 99 7
80 47 68
2 69 44
29 42 9
97 43 63
83 94 97
74 9 64
63 44 33
63 29 37
80 71 7
56 52 6
21 32 67
41 42 70
60 56 61
49 20 62
84 1 11
88 89 22
74 70 22
75 29 12
67 87 1
49 20 88
89 51 89
93 3 5
29 45 63
56 3 72
13 54 28
4 19 33
97 23 87
67 79 1
87 79 42
36 77 25
1 41 6
89 53 26
89 86 69
21 94 47
85 25 12
83 79 77
50 5 39
16 66 100
75 71 63
64 6 65
52 66 11
0 48 59
52 69 70
4 66 67
3 23 77
74 23 18
85 16 17
11 79 12
66 65 91
82 52 82
62 24 40
98 60 78
32 58 36
28 89 56
13 90 80
46 85 24
88 20 39
12 77 83
35 4 97
83 18 11
63 87 38
88 24 7
73 75 90
0 17 54
81 32 39
41 73 33
97 15 47
97 99 80
48 91 89
19 70 83
80 64 6
28 73 33
96 48 85
76 35 9
50 40 82
69 67 33
49 61 43
75 29 90
42 1 43
3 23 81
76 5 59
63 96 32
50 26 8
91 38 61
62 11 44
57 62 30
19 79 69
22 72 73
75 69 47
6 18 49
91 99 86
51 47 61
8 95 43
52 49 96
34 38 69
84 73 11
91 94 36
69 82 83
68 100 81
73 78 80
68 17 15
88 65 41
32 60 34
20 82 69
55 95 93
14 97 13
46 15 27
89 8 65
65 69 88
85 54 66
24 77 30
76 85 13
32 97 11
79 69 68
55 64 39
21 36 88
5 65 84
95 18 41
59 14 68
90 8 37
20 8 50
79 12 28
15 49 34
62 8 38
30 29 36
69 42 48
4 47 70
9 10 27
47 40 39
0 87 75
24 89 37
73 59 78
55 68 8
78 32 33
42 53 2
34 16 77
15 54 99
24 98 49
93 81 97
52 30 17
74 36 56
98 27 75
6 60 22
89 35 8
37 21 8
82 86 78
94 86 31
21 33 54
76 74 97
5 21 39
6 49 63
62 77 54
59 18 19
47 96 7
65 6 62
45 73 78
3 73 67
78 100 56
31 57 47
53 53 35
70 1 97
7 14 36
79 6 37
88 47 47
18 94 2
73 80 40
21 68 6
26 44 18
39 22 41
61 93 40
72 11 26
62 78 66
1 65 60
32 8 54
37 19 50
63 42 37
35 92 5
64 11 45
5 69 48
20 61 42
66 3 70
43 54 67
94 33 8
58 27 26
18 94 40
82 48 61
79 60 70
5 23 97
73 60 74
48 8 77
16 73 37
90 17 89
99 100 6
47 54 12
34 98 75
57 24 49
78 82 12
89 60 86
34 68 70
82 4 1
20 61 42
28 53 15
22 53 95
40 51 100
49 22 47
18 35 48
37 59 51
27 85 24
99 56 86
38 15 83
10 89 60
29 90 95
43 55 38
19 96 38
45 73 76
27 18 79
30 20 78
71 73 69
59 98 100
87 67 35
99 86 16
23 49 98
75 2 41
96 81 9
44 7 3
14 78 78
3 72 8
18 95 59
32 46 2
7 4 73
96 77 60
6 19 11
69 29 39
92 22 91
91 52 55
55 74 35
99 17 98
7 93 32
11 33 14
87 97 48
46 100 26
40 60 3
96 24 94
54 28 14
80 35 15
97 22 37
17 23 33
4 91 46
85 70 81
98 23 63
93 82 24
73 74 40
12 46 25
97 32 18
15 23 25
81 96 45
63 16 99
91 94 55
53 58 81
76 57 30
46 46 72
26 88 52
77 33 15
30 24 61
19 43 39
32 96 79
15 89 79
78 2 51
26 99 49
11 7 56
96 69 42
18 27 81
75 1 82
52 15 2
30 76 22
26 58 74
14 23 43
9 31 52
79 1 32
79 67 84
93 26 88
54 38 90
91 56 61
93 39 69
98 2 2
14 57 59
45 82 52
43 10 72
64 51 21
49 12 65
80 93 69
6 93 74
71 39 77
48 19 11
45 68 10
55 29 60
61 63 2
10 27 16
19 54 40
59 43 62
56 85 39
62 69 21
30 35 47
90 34 33
32 88 98
59 84 71
88 21 65
67 92 76
22 91 73
0 94 28
13 28 41
3 66 6
88 27 78
71 15 15
50 76 15
67 70 13
13 63 17
91 92 1
3 13 38
56 22 11
26 92 94
56 50 6
5 35 47
71 87 71
86 40 65
76 56 97
26 9 43
11 4 14
98 2 45
67 53 22
47 32 13
32 8 100
34 10 77
98 75 78
43 19 65
5 3 41
97 31 50
26 75 39
16 84 27
71 50 14
28 26 68
93 38 44
35 92 90
11 58 44
40 43 40
80 97 35
50 64 36
75 99 51
17 7 47
67 80 42
15 85 26
69 60 65
60 32 35
22 51 52
96 98 88
73 74 3
67 24 44
53 39 48
90 2 44
51 85 56
30 60 74
43 52 81
16 28 98
45 84 35
25 100 48
79 2 44
76 37 1
71 80 70
0 63 5
96 82 34
13 33 54
15 69 70
30 91 29
85 39 19
48 38 44
73 31 39
6 71 62
91 93 24
64 92 13
45 21 26
33 13 35
77 77 83
76 71 98
47 83 92
76 53 82
58 36 81
13 14 81
23 2 11
75 40 73
9 64 70
66 70 10
57 11 85
62 86 41
23 24 51
90 5 75
9 37 9
33 79 25
17 98 56
26 71 94
95 45 43
61 18 9
20 95 68
45 12 15
93 35 39
57 8 50
62 52 40
16 82 99
71 89 47
96 58 53
9 19 4
99 81 86
69 54 50
38 28 72
55 6 39
53 47 99
19 10 98
90 31 40
68 73 21
81 22 76
39 30 80
75 57 75
48 60 18
79 84 70
85 83 49
35 63 22
11 92 92
89 53 79
83 37 9
56 88 22
43 5 40
16 20 10
2 96 1
48 96 98
12 37 57
72 82 9
78 36 75
48 62 94
46 65 12
65 54 11
97 75 80
73 49 86
59 62 39
65 39 85
48 29 28
67 50 13
51 41 73
21 11 94
67 76 49
51 64 62
68 81 32
90 77 57
71 45 46
80 36 80
49 15 20
11 70 67
21 47 39
86 15 29
23 34 25
9 84 100
75 4 48
55 39 63
93 5 9
86 91 58
80 69 78
75 57 37
22 24 52
14 98 1
7 42 56
56 37 99
58 72 46
5 59 38
82 16 65
68 58 68
51 79 54
63 10 94
54 2 10
55 50 1
86 12 54
14 29 47
29 2 24
87 29 43
18 48 99
9 84 32
45 7 31
16 20 90
0 5 16
89 36 70
77 3 15
29 47 36
6 37 15
84 46 14
71 87 84
52 92 80
15 89 89
11 3 32
51 76 7
8 38 83
38 55 8
32 11 77
90 19 86
76 66 4
13 75 51
84 68 18
44 96 32
28 68 28
60 9 79
2 59 40
23 89 73
94 99 37
25 43 48
10 6 25
32 6 72
87 57 45
93 81 67
41 68 60
38 15 3
13 56 68
49 65 23
98 21 9
97 43 55
62 100 35
91 77 76
57 69 28
86 63 60
56 50 35
14 49 60
48 21 81
61 71 55
9 90 70
17 15 68
36 87 26
45 50 15
3 22 1
40 10 74
58 33 65
66 51 25
87 52 43
37 14 19
37 72 7
72 32 19
20 43 54
72 3 22
37 84 30
49 28 13
2 36 54
70 80 82
90 51 90
74 4 53
25 41 56
88 72 27
18 73 38
1 6 29
2 39 22
56 21 3
87 33 64
48 59 69
8 92 64
3 4 36
2 17 96
5 42 74
95 49 24
36 19 78
23 60 51
58 99 82
11 16 15
20 3 46
95 26 94
93 94 40
59 20 78
39 50 49
35 95 77
40 84 2
25 80 37
0 97 81
2 59 49
81 82 52
66 46 45
42 38 74
60 72 35
48 61 11
71 88 13
58 65 99
86 56 19
45 62 99
42 65 99
29 61 30
75 58 52
98 6 41
59 19 53
0 44 55
21 51 34
67 26 82
34 23 98
65 67 27
33 4 99
70 88 90
55 37 8
60 39 64
0 7 67
64 59 85
61 94 55
92 59 33
71 78 90
53 22 82
91 81 46
97 65 32
48 31 40
63 36 22
55 6 89
61 61 54
72 15 65
72 69 76
99 22 84
77 80 39
83 72 33
9 26 39
32 43 5
1 67 11
19 25 64
22 11 61
63 31 32
33 95 8
15 80 52
92 46 70
53 13 35
77 32 4
34 34 19
84 4 98
2 3 3
79 69 95
60 7 68
54 73 66
55 2 46
69 81 67
34 67 35
18 83 3
51 26 85
41 20 61
36 73 31
98 13 53
58 57 76
99 17 42
20 80 31
51 77 75
85 100 85
98 14 37
50 13 17
11 89 90
88 71 75
83 62 28
88 16 62
1 59 6
4 27 97
77 21 84
97 91 81
80 82 30
79 51 59
69 72 95
34 28 46
2 31 45
87 44 41
34 36 3
24 51 2
59 54 100
20 3 93
4 2 52
76 99 64
36 30 94
77 66 81
97 5 50
49 28 51
12 21 64
81 63 63
41 12 14
33 63 3
75 94 45
43 55 26
87 16 70
20 42 24
45 76 32
27 57 19
64 35 22
31 85 73
91 37 12
42 32 58
20 40 42
53 62 14
3 60 13
2 67 82
14 65 89
12 78 9
85 7 96
91 13 56
53 24 4
2 90 16
88 32 53
47 35 50
22 19 83
73 41 32
45 35 94
88 12 94
44 75 11
27 27 86
37 5 84
72 43 52
96 84 83
79 68 49
47 5 45
70 64 43
32 1 14
83 93 8
47 33 80
20 35 28
19 63 51
0 49 94
31 82 62
91 47 11
46 71 8
40 41 24
54 63 8
68 80 44
44 67 20
76 62 60
38 100 10
45 11 82
12 35 47
87 73 49
97 96 98
59 86 54
99 29 75
